1 0.0101587 0.00689777
2 0.0227246 0.0202218
3 -0.0885613 -0.0833445
4 -1.98904 -1.2
5 1.89754 1.2
6 0.0365095 -1.2
7 0.465484 0.533321
8 1.09722 0.992225
9 0.955319 0.380675
10 0.9922 0.513342
11 0.926959 0.423071
12 0.0197989 -0.619832
13 -0.626808 -0.761375
14 -0.792212 -0.508028
15 -0.53318 -0.0819389
16 0.342661 0.481888
17 0.809099 0.735879
18 0.0362473 -0.518014
19 -1.06375 -1.2
20 0.483823 1.2
21 1.03815 0.912417
22 0.353318 -0.29705
23 -1.19931 -1.2
24 -1.24657 -0.653146
25 1.11903 1.2
26 1.32648 0.814126
27 1.35382 0.703073
28 0.253355 -0.636372
29 -1.07932 -1.2
30 -1.1182 -0.568749
31 0.694267 1.2
32 1.20627 0.967399
33 0.971988 0.328831
34 -1.084 -1.2
35 -1.43385 -0.957504
