1 2.26174 0 0.508889
2 3 0 0.674998
3 -1.22676 0.239655 0
4 -0.714912 0.0883548 0
5 2.99955 0 0.733587
6 2.33078 0 0.523822
7 0.178535 0 0.064597
8 1.43157 0 0.390468
9 1.80456 0 0.456488
10 0.664846 0 0.216336
11 1.28866 0 0.371416
12 1.32251 0 0.372999
13 0.9833 0 0.302612
14 1.20902 0 0.3651
15 1.06768 0 0.334829
16 0.975594 0 0.328074
17 1.12986 0 0.368582
18 1.06057 0 0.355556
19 0.926266 0 0.332026
20 1.19346 0 0.399463
21 1.07436 0 0.373289
22 0.863841 0 0.333675
23 0.855693 0 0.340372
24 1.16038 0 0.413368
25 0.81094 0 0.334452
26 1.10984 0 0.412748
27 0.828203 0 0.348951
28 0.808227 0 0.35423
29 0.862133 0 0.370799
30 0.945307 0 0.396641
31 0.633234 0 0.330319
32 1.026 0 0.428098
33 0.781237 0 0.370302
34 0.516582 0 0.319556
35 1.04965 0 0.447372
